# EGM96 fully normalized coefficients, degree 2 to 20 (tide-free). See SOURCES.md.
# GM = 3.986004415e14 m^3/s^2, R = 6378136.3 m
# n m C S
2 0 -0.484165371736e-03 0.000000000000e+00
2 1 -0.186987635955e-09 0.119528012031e-08
2 2 0.243914352398e-05 -0.140016683654e-05
3 0 0.957254173792e-06 0.000000000000e+00
3 1 0.202998882184e-05 0.248513158716e-06
3 2 0.904627768605e-06 -0.619025944205e-06
3 3 0.721072657057e-06 0.141435626958e-05
4 0 0.539873863789e-06 0.000000000000e+00
4 1 -0.536321616971e-06 -0.473440265853e-06
4 2 0.350694105785e-06 0.662671572540e-06
4 3 0.990771803829e-06 -0.200928369177e-06
4 4 -0.188560802735e-06 0.308853169333e-06
5 0 0.685323475630e-07 0.000000000000e+00
5 1 -0.621012128528e-07 -0.944226127525e-07
5 2 0.652438297612e-06 -0.323349612668e-06
5 3 -0.451955406071e-06 -0.214847190624e-06
5 4 -0.295301647654e-06 0.496658876769e-07
5 5 0.174971983203e-06 -0.669384278219e-06
6 0 -0.149957994714e-06 0.000000000000e+00
6 1 -0.760879384947e-07 0.262890545501e-07
6 2 0.481732442832e-07 -0.373728201347e-06
6 3 0.571730990516e-07 0.902694517163e-08
6 4 -0.862142660109e-07 -0.471408154267e-06
6 5 -0.267133325490e-06 -0.536488432483e-06
6 6 0.967616121092e-08 -0.237192006935e-06
7 0 0.909789371450e-07 0.000000000000e+00
7 1 0.279872910488e-06 0.954336911867e-07
7 2 0.329743816488e-06 0.930667596042e-07
7 3 0.250398657706e-06 -0.217198608738e-06
7 4 -0.275114355257e-06 -0.123800392323e-06
7 5 0.193765507243e-08 0.177377719872e-07
7 6 -0.358856860645e-06 0.151789817739e-06
7 7 0.109185148045e-08 0.244415707993e-07
8 0 0.496711667324e-07 0.000000000000e+00
8 1 0.233422047893e-07 0.590060493411e-07
8 2 0.802978722615e-07 0.654175425859e-07
8 3 -0.191877757009e-07 -0.863454445021e-07
8 4 -0.244600105471e-06 0.700233016934e-07
8 5 -0.255352403037e-07 0.891462164788e-07
8 6 -0.657361610961e-07 0.309238461807e-06
8 7 0.672811580072e-07 0.747440473633e-07
8 8 -0.124092493016e-06 0.120533165603e-06
9 0 0.276714300853e-07 0.000000000000e+00
9 1 0.143387502749e-06 0.216834947618e-07
9 2 0.222288318564e-07 -0.322196647116e-07
9 3 -0.160811502143e-06 -0.742287409462e-07
9 4 -0.900179225336e-08 0.194666779475e-07
9 5 -0.166165092924e-07 -0.541113191483e-07
9 6 0.626941938248e-07 0.222903525945e-06
9 7 -0.118366323475e-06 -0.965152667886e-07
9 8 0.188436022794e-06 -0.308566220421e-08
9 9 -0.477475386132e-07 0.966412847714e-07
10 0 0.526222488569e-07 0.000000000000e+00
10 1 0.835115775652e-07 -0.131314331796e-06
10 2 -0.942413882081e-07 -0.515791657390e-07
10 3 -0.689895048176e-08 -0.153768828694e-06
10 4 -0.840764549716e-07 -0.792806255331e-07
10 5 -0.493395938185e-07 -0.505370221897e-07
10 6 -0.375885236598e-07 -0.795667053872e-07
10 7 0.811460540925e-08 -0.336629641314e-08
10 8 0.404927981694e-07 -0.918705975922e-07
10 9 0.125491334939e-06 -0.376516222392e-07
10 10 0.100538634409e-06 -0.240148449520e-07
11 0 -0.509613707522e-07 0.000000000000e+00
11 1 0.151687209933e-07 -0.268604146166e-07
11 2 0.186309749878e-07 -0.990693862047e-07
11 3 -0.309871239854e-07 -0.148131804260e-06
11 4 -0.389580205051e-07 -0.636666511980e-07
11 5 0.377848029452e-07 0.494736238169e-07
11 6 -0.118676592395e-08 0.344769584593e-07
11 7 0.411565188074e-08 -0.898252808977e-07
11 8 -0.598410841300e-08 0.243989612237e-07
11 9 -0.314231072723e-07 0.417731829829e-07
11 10 -0.521882681927e-07 -0.183364561788e-07
11 11 0.460344448746e-07 -0.696662308185e-07
12 0 0.377252636558e-07 0.000000000000e+00
12 1 -0.540654977836e-07 -0.435675748979e-07
12 2 0.142979642253e-07 0.320975937619e-07
12 3 0.393995876403e-07 0.244264863505e-07
12 4 -0.686908127934e-07 0.415081109011e-08
12 5 0.309411128730e-07 0.782536279033e-08
12 6 0.341523275208e-08 0.391765484449e-07
12 7 -0.186909958587e-07 0.356131849382e-07
12 8 -0.253769398865e-07 0.169361024629e-07
12 9 0.422880630662e-07 0.252692598301e-07
12 10 -0.617619654902e-08 0.308375794212e-07
12 11 0.112502994122e-07 -0.637946501558e-08
12 12 -0.249532607390e-08 -0.111780601900e-07
13 0 0.422982206413e-07 0.000000000000e+00
13 1 -0.513569699124e-07 0.390510386685e-07
13 2 0.559217667099e-07 -0.627337565381e-07
13 3 -0.219360927945e-07 0.974829362237e-07
13 4 -0.313762599666e-08 -0.119627874492e-07
13 5 0.590049394905e-07 0.664975958036e-07
13 6 -0.359038073075e-07 -0.657280613686e-08
13 7 0.253002147087e-08 -0.621470822331e-08
13 8 -0.983150822695e-08 -0.104740222825e-07
13 9 0.247325771791e-07 0.452870369936e-07
13 10 0.410324653930e-07 -0.368121029480e-07
13 11 -0.443869677399e-07 -0.476507804288e-08
13 12 -0.312622200222e-07 0.878405809267e-07
13 13 -0.612759553199e-07 0.685261488594e-07
14 0 -0.242786502921e-07 0.000000000000e+00
14 1 -0.186968616381e-07 0.294747542249e-07
14 2 -0.367789379502e-07 -0.516779392055e-08
14 3 0.358875097333e-07 0.204618827833e-07
14 4 0.183865617792e-08 -0.226780613566e-07
14 5 0.287344273542e-07 -0.163882249728e-07
14 6 -0.194810485574e-07 0.247831272781e-08
14 7 0.375003839415e-07 -0.417291319429e-08
14 8 -0.350946485865e-07 -0.153515265203e-07
14 9 0.320284939341e-07 0.288804922064e-07
14 10 0.390329180008e-07 -0.144308452469e-08
14 11 0.153970516502e-07 -0.390548173245e-07
14 12 0.840829163869e-08 -0.311327189117e-07
14 13 0.322147043964e-07 0.451897224960e-07
14 14 -0.518980794309e-07 -0.481506636748e-08
15 0 0.147910068708e-08 0.000000000000e+00
15 1 0.100817268177e-07 0.109773066324e-07
15 2 -0.213942673775e-07 -0.308914875777e-07
15 3 0.521392929041e-07 0.172892926103e-07
15 4 -0.408150084078e-07 0.650174707794e-08
15 5 0.124935723108e-07 0.808375563996e-08
15 6 0.331211643896e-07 -0.368246004304e-07
15 7 0.596210699259e-07 0.531841171879e-08
15 8 -0.322428691498e-07 0.221523579587e-07
15 9 0.128788268085e-07 0.375629820829e-07
15 10 0.104688722521e-07 0.147222147015e-07
15 11 -0.111675061934e-08 0.180996198432e-07
15 12 -0.323962134415e-07 0.155243104746e-07
15 13 -0.283933019117e-07 -0.422066791103e-08
15 14 0.519168859330e-08 -0.243752739666e-07
15 15 -0.190930538322e-07 -0.471139421558e-08
16 0 -0.315322986722e-08 0.000000000000e+00
16 1 0.258360856231e-07 0.325447560859e-07
16 2 -0.233671404512e-07 0.288799363439e-07
16 3 -0.336019429391e-07 -0.220418988010e-07
16 4 0.402316284314e-07 0.483837716909e-07
16 5 -0.129501939245e-07 -0.319458578129e-08
16 6 0.140239252323e-07 -0.350760208303e-07
16 7 -0.708412635136e-08 -0.881581561131e-08
16 8 -0.209018868094e-07 0.500527390530e-08
16 9 -0.218588720643e-07 -0.395012419994e-07
16 10 -0.117529900814e-07 0.114211582961e-07
16 11 0.187574042592e-07 -0.303161919925e-08
16 12 0.195400194038e-07 0.666983574071e-08
16 13 0.138196369576e-07 0.102778499508e-08
16 14 -0.193182168856e-07 -0.386174893776e-07
16 15 -0.145149060142e-07 -0.327443078739e-07
16 16 -0.379671710746e-07 0.302155372655e-08
17 0 0.197605066395e-07 0.000000000000e+00
17 1 -0.254177575118e-07 -0.306630529689e-07
17 2 -0.195988656721e-07 0.649265893410e-08
17 3 0.564123066224e-08 0.678327095529e-08
17 4 0.707457075637e-08 0.249437600834e-07
17 5 -0.154987006052e-07 0.660021551851e-08
17 6 -0.118194012847e-07 -0.289770975177e-07
17 7 0.242149702381e-07 -0.422222973697e-08
17 8 0.388442097559e-07 0.358904095943e-08
17 9 0.381356493231e-08 -0.281466943714e-07
17 10 -0.388216085542e-08 0.181328176508e-07
17 11 -0.157356600363e-07 0.106560649404e-07
17 12 0.288013010655e-07 0.203450136084e-07
17 13 0.165503425731e-07 0.204667531435e-07
17 14 -0.141983872649e-07 0.114948025244e-07
17 15 0.542100361657e-08 0.532610369811e-08
17 16 -0.301992205043e-07 0.365331918531e-08
17 17 -0.343086856041e-07 -0.198523455381e-07
18 0 0.508691038332e-08 0.000000000000e+00
18 1 0.721098449649e-08 -0.388714473013e-07
18 2 0.140631771205e-07 0.100093396253e-07
18 3 -0.507232520873e-08 -0.490865931335e-08
18 4 0.548759308217e-07 -0.135267117720e-08
18 5 0.548710485555e-08 0.264338629459e-07
18 6 0.146570755271e-07 -0.136438019951e-07
18 7 0.675812328417e-08 0.688577494235e-08
18 8 0.307619845144e-07 0.417827734107e-08
18 9 -0.188470601880e-07 0.368302736953e-07
18 10 0.527535358934e-08 -0.466091535881e-08
18 11 -0.729628518960e-08 0.195215208020e-08
18 12 -0.297449412422e-07 -0.164497878395e-07
18 13 -0.627919717152e-08 -0.348383939938e-07
18 14 -0.815605336410e-08 -0.128636585027e-07
18 15 -0.405003412879e-07 -0.202684998021e-07
18 16 0.104141042028e-07 0.661468817624e-08
18 17 0.358771586841e-08 0.448065587564e-08
18 18 0.312351953717e-08 -0.109906032543e-07
19 0 -0.325780965394e-08 0.000000000000e+00
19 1 -0.759903885319e-08 0.126835472605e-08
19 2 0.353541528655e-07 -0.131346303514e-08
19 3 -0.974103607309e-08 0.150662259043e-08
19 4 0.157039009057e-07 -0.761677383811e-08
19 5 0.109629213379e-07 0.283172176438e-07
19 6 -0.408745178658e-08 0.186219430719e-07
19 7 0.478275337044e-08 -0.717283455900e-08
19 8 0.294908364280e-07 -0.993037002883e-08
19 9 0.307961427159e-08 0.694110477214e-08
19 10 -0.338415069043e-07 -0.737981767136e-08
19 11 0.160443652916e-07 0.996673453483e-08
19 12 -0.247106581581e-08 0.916852310642e-08
19 13 -0.744717379980e-08 -0.282584466742e-07
19 14 -0.470502589215e-08 -0.129526697983e-07
19 15 -0.176580549771e-07 -0.140350990039e-07
19 16 -0.216950096188e-07 -0.724534721567e-08
19 17 0.290444936079e-07 -0.153456531070e-07
19 18 0.348382199593e-07 -0.954146344917e-08
19 19 -0.257349349430e-08 0.483151822363e-08
20 0 0.222384610651e-07 0.000000000000e+00
20 1 0.516303125218e-08 0.669626726966e-08
20 2 0.198831128238e-07 0.175183843257e-07
20 3 -0.362601436785e-08 0.379590724141e-07
20 4 0.242238118652e-08 -0.211057611874e-07
20 5 -0.107042562564e-07 -0.771860083169e-08
20 6 0.110474837570e-07 -0.217720365898e-08
20 7 -0.210090282728e-07 -0.223491503969e-10
20 8 0.442419185637e-08 0.183035804593e-08
20 9 0.178846216942e-07 -0.663940865358e-08
20 10 -0.325394919988e-07 -0.512308873621e-08
20 11 0.138992707697e-07 -0.187706454942e-07
20 12 -0.635750600750e-08 0.180260853103e-07
20 13 0.275222725997e-07 0.690887077588e-08
20 14 0.115841169405e-07 -0.143176160143e-07
20 15 -0.260130744291e-07 -0.784379672413e-09
20 16 -0.124137147118e-07 -0.277500443628e-09
20 17 0.436909667960e-08 -0.137420446198e-07
20 18 0.151842883022e-07 -0.808429903142e-09
20 19 -0.314942002852e-08 0.106505202245e-07
20 20 0.401448327968e-08 -0.120450644785e-07
